@8004
31 40 00 06 B0 12 10 80 B0 12 80 80 B2 40 80 5A
20 01 F2 D0 80 00 22 00 0F 43 3F 90 05 00 0C 34
3E 40 46 E8 03 43 1D 43 3E 53 3D 63 FD 2F F2 E0
80 00 21 00 1F 53 F1 3F F2 C0 80 00 21 00 B2 40
10 00 62 01 B2 40 E7 03 72 01 B2 40 10 01 60 01
32 D0 D8 00 03 43 0C 43 30 41 21 83 0A 4C 81 4A
00 00 0D 41 5C 43 B0 12 84 80 F9 3F F2 E0 80 00
21 00 92 C3 62 01 00 13 30 40 5E 80 30 40 7C 80
30 41 FF 3F 
@F9CE
30 40 86 80 30 40 86 80 30 40 86 80 30 40 86 80
30 40 86 80 30 40 86 80 30 40 70 80 30 40 86 80
30 40 86 80 30 40 86 80 30 40 86 80 30 40 86 80
04 80 
q
